 MtrxA:
¦£      1.00      2.00      3.00      4.00      5.00      6.00      7.00¦¤
¦¢      2.00      3.00      4.00      5.00      1.00      7.00      8.00¦¢
¦¢      3.00      2.00      5.00      3.00      2.00      4.00      6.00¦¢
¦¢      4.00      3.00      2.00      7.00      2.00      1.00      9.00¦¢
¦¦      5.00      4.00      3.00      2.00      9.00      6.00      9.00¦¥

 MtrxB:
¦£      1.00      0.00      0.00      0.00      0.00      1.00      2.00¦¤
¦¢      0.00      1.00      0.00      0.00      0.00      2.00      3.00¦¢
¦¢      0.00      0.00      1.00      0.00      0.00      3.00      4.00¦¢
¦¢      0.00      0.00      0.00      1.00      0.00      4.00      5.00¦¢
¦¦      0.00      0.00      0.00      0.00      1.00      5.00      6.00¦¥

 MtrxC:
¦£      1.00      2.00      3.00      4.00      5.00¦¤
¦¢      6.00      7.00      2.00      3.00      4.00¦¢
¦¢      5.00      1.00      7.00      8.00      3.00¦¢
¦¢      2.00      5.00      3.00      2.00      4.00¦¢
¦¢      6.00      4.00      3.00      2.00      7.00¦¢
¦¢      2.00      1.00      9.00      5.00      4.00¦¢
¦¦      3.00      2.00      9.00      6.00      9.00¦¥

MtrxD = mtrxA.add(mtrxB) = 
¦£      2.00      2.00      3.00      4.00      5.00      7.00      9.00¦¤
¦¢      2.00      4.00      4.00      5.00      1.00      9.00     11.00¦¢
¦¢      3.00      2.00      6.00      3.00      2.00      7.00     10.00¦¢
¦¢      4.00      3.00      2.00      8.00      2.00      5.00     14.00¦¢
¦¦      5.00      4.00      3.00      2.00     10.00     11.00     15.00¦¥

MtrxE = mtrxA.sub(mtrxB) = 
¦£      0.00      2.00      3.00      4.00      5.00      5.00      5.00¦¤
¦¢      2.00      2.00      4.00      5.00      1.00      5.00      5.00¦¢
¦¢      3.00      2.00      4.00      3.00      2.00      1.00      2.00¦¢
¦¢      4.00      3.00      2.00      6.00      2.00     -3.00      4.00¦¢
¦¦      5.00      4.00      3.00      2.00      8.00      1.00      3.00¦¥

MtrxF = mtrxA.multiply(mtrxC) =
¦£     99.00     79.00    172.00    124.00    160.00¦¤
¦¢     94.00     81.00    193.00    144.00    161.00¦¢
¦¢     84.00     64.00    153.00    124.00    134.00¦¢
¦¢     87.00     93.00    149.00    118.00    165.00¦¢
¦¦    141.00    111.00    212.00    162.00    226.00¦¥

MtrxG = transpose MtrxF =
¦£     99.00     94.00     84.00     87.00    141.00¦¤
¦¢     79.00     81.00     64.00     93.00    111.00¦¢
¦¢    172.00    193.00    153.00    149.00    212.00¦¢
¦¢    124.00    144.00    124.00    118.00    162.00¦¢
¦¦    160.00    161.00    134.00    165.00    226.00¦¥

